﻿1	СКФО	1	4530440,568	5465172,63	4947752,787	5843626,713
2	СКФО	2	4685878,465	5256569,103	5007358,103	5491477,877
3	СКФО	3	4922774,862	5513080,93	5242437,561	5715753,807
4	СКФО	4	5193850,403	5089525,755	5454475,753	5366529,691
5	СКФО	5	4968904,174	5247301,366	5229529,523	5529086,985
						
2	ЮФО	6	4567309,492	6410664,43	4874183,513	6673699,11
3	ЮФО	7	4436169,955	6191041,641	4890185,809	6468438,537
4	ЮФО	8	4844489,848	6221749,961	5292815,455	6653366,064
5	ЮФО	9	4215674,009	5719473,972	4569683,293	6254768,696
6	ЮФО	10	4072181,318	5537209,103	4555601,39	5749512,007
7	ЮФО	11	4293544,253	5365110,795	4573028,433	5575260,474
8	ЮФО	12	4542130,765	5808509,879	4890058,544	6239781,575
9	ЮФО	13	4847461,539	5926917,719	5355461,558	6268092,049
10	ЮФО	14	4838285,738	5697538,368	5234669,018	5983450,494
11	ЮФО	15	5163471,868	5621497,459	5501078,558	5983416,642
						
3	ЦФО	16	3495108,921	7676842,366	3909447,25	8067368,147
4	ЦФО	17	3846740,874	7848689,585	4292829,267	8191590,271
5	ЦФО	18	4270604,222	7823289,534	4824642,83	8328115,544
6	ЦФО	19	4751617,684	7802651,993	5319943,821	8328115,544
7	ЦФО	20	3411542,25	7394082,262	3976122,383	7765742,544
8	ЦФО	21	3890397,212	7454591,922	4325373,082	7892742,798
9	ЦФО	22	4261872,955	7411729,336	4873061,677	7932430,377
10	ЦФО	23	3410315,979	7002969,933	3989477,682	7466475,531
11	ЦФО	24	3909954,099	7092182,602	4427865,58	7500854,898
12	ЦФО	25	4393635,718	6965049,189	4786666,242	7475229,463
13	ЦФО	26	3464946,361	6748153,009	3988822,409	7056128,625
14	ЦФО	27	3915797,262	6764067,375	4448954,287	7132328,777
15	ЦФО	28	4379022,578	6614432,474	4873873,693	7029126,246
16	ЦФО	29	3761695,561	6487925,151	4449312,223	6838518,026
17	ЦФО	30	4182931,534	6343836,746	4615694,673	6651425,746
						
4	СЗФО	31	3350712,278	10332999,76	4049213,675	10981230,23
5	СЗФО	32	3193818,466	9797551,429	3800504,844	10372687,34
6	СЗФО	33	3264320,367	9223708,19	4112713,802	9838227,939
7	СЗФО	34	4010721,089	9217185,163	4932923,776	9602748,301
8	СЗФО	35	3303087,183	8777246,65	4046567,836	9401664,566
9	СЗФО	36	4321650,232	8697562,001	4842965,263	9282601,828
10	СЗФО	37	3075560,364	8266947,594	3943380,13	8856621,809
11	СЗФО	38	2996904,318	7874208,879	3763661,542	8511869,036
12	СЗФО	39	2997339,316	7451042,792	3560355,302	7930419,54
13	СЗФО	40	2170988,886	7182671,622	2579235,95	7446315,894
14	СЗФО	41	3578717,422	8027415,984	4130374,775	8352060,383
15	СЗФО	42	4081955,928	8144626,635	4312474,618	8319582,714
16	СЗФО	43	4266172,442	8219871,445	5054190,621	8793121,682
17	СЗФО	44	5022882,289	8414235,036	5756745,577	8835455,1
18	СЗФО	45	5188788,029	8750665,226	5848396,295	9247127,207
19	СЗФО	46	5681801,35	9069190,76	6221671,854	9406825,82
20	СЗФО	47	6025635,529	8811696,601	6474511,771	9137123,038
21	СЗФО	48	6130222,17	9072333,777	6669586,094	9411783,733
22	СЗФО	49	5833158,84	9336404,7	6261202,59	9793617,577
23	СЗФО	50	6169959,604	9344247,153	6670776,089	9792131,032
24	СЗФО	51	6255279,144	9716222,378	6600078,413	10096438,23
25	СЗФО	52	6534835,243	9687784,032	6936473,546	10173030,84
26	СЗФО	53	5443955,978	10253199,75	5639748,036	10458252,24
27	СЗФО	54	5606675,053	10222772,6	5885811,028	10374908,32
28	СЗФО	55	5860057,937	10247237,93	6177488,505	10571485,21
29	СЗФО	56	6088450,67	10323028,57	6454101,019	10623900,75
30	СЗФО	57	6071019,732	10042855,58	6511551,863	10377554,16
31	СЗФО	58	6380603,009	10400325,23	6830395,576	10774711,4
32	СЗФО	59	6414874,764	10036721,45	6797302,435	10462221
33	СЗФО	60	6851576,206	9989750,224	7314006,624	10345379,91
34	СЗФО	61	7060358,807	10283732,59	7309272,209	10532335,72
						
5	ПФО	62	5153448,409	7957327,299	5674678,618	8489140,862
6	ПФО	63	5569242,627	8041571,168	6168921,089	8383726,479
7	ПФО	64	6203087,619	7950023,249	6651751,795	8485861,557
8	ПФО	65	4706599,399	7377456,428	5455086,266	7859427,831
9	ПФО	66	5373629,054	7505591,754	5947199,997	8092265,069
10	ПФО	67	5846658,129	7409638,703	6655884,271	8006381,901
11	ПФО	68	4703655,843	6875179,301	5288386,179	7438742,928
12	ПФО	69	5216948,536	7126533,97	6033437,911	7597950,986
13	ПФО	70	5923387,449	6864595,947	6706555,682	7444034,605
14	ПФО	71	4809538,655	6551159,649	5384616,787	6946537,573
15	ПФО	72	5216464,003	6376072,128	5658803,586	7174159,066
16	ПФО	73	5571477,583	6615796,056	6034512,621	7171533,232
17	ПФО	74	5968366,706	6504761,894	6426096,788	6991596,201
18	ПФО	75	6357304,983	6504761,894	6891764,386	6936033,589
						
						
6	УФО	76	6624878,623	8995016,969	6994788,418	9263942,043
7	УФО	77	6949146,011	8994015,439	7383601,756	9236700,517
8	УФО	78	7292840,448	9083241,877	7926783,383	9435138,414
9	УФО	79	7826721,073	8847828,385	8245821,912	9216129,122
10	УФО	80	8197670,18	8891792,069	8655695,388	9153555,038
11	УФО	81	6975604,397	8752118,689	7390312,381	9029002,185
12	УФО	82	7317982,013	8711790,84	7631772,376	9113404,437
13	УФО	83	7550495,521	8605526,13	8145442,844	8911923,826
14	УФО	84	8100565,371	8579299,941	8577278,089	8930510,842
15	УФО	85	8534829,485	8540747,77	8968433,513	9025364,157
16	УФО	86	6572625,777	8424919,193	7116311,656	8777853,518
17	УФО	87	7052370,699	8423399,044	7454026,632	8772895,455
18	УФО	88	7666383,253	8377351,817	8006599,325	8688085,878
19	УФО	89	7915621,251	8327722,658	8312497,045	8648398,299
20	УФО	90	8254057,084	8168112,443	8606482,789	8631663,37
21	УФО	91	6581366,941	7949488,254	6937239,737	8456178,123
22	УФО	92	6892237,818	8080984,497	7383857,297	8464115,639
23	УФО	93	7324590,512	8232340,175	7768322,271	8415143,112
24	УФО	94	7728554,049	8244312,595	8019106,614	8398090,115
25	УФО	95	7655584,924	8104546,17	7884185,381	8250596,462
26	УФО	96	7865929,094	8162490,035	8079448,271	8271234,003
27	УФО	97	8052460,718	8070414,851	8313604,99	8219640,15
28	УФО	98	8091354,545	7925158,311	8270742,404	8095814,902
29	УФО	99	6594106,512	7659742,287	6961052,285	7981250,09
30	УФО	100	6889614,642	7740478,775	7301042,548	8032843,943
31	УФО	101	7225993,154	7723132,827	7629126,538	8110896,182
32	УФО	102	7607066,693	7601979,395	7809043,564	8128094,133
33	УФО	103	6605535,36	7391001,645	7027198,25	7698145,357
34	УФО	104	6925333,463	7498384,541	7400261,496	7785458,031
35	УФО	105	7368594,115	7339067,889	7900659,102	7714516,483
36	УФО	106	6652812,085	7174269,309	7000739,864	7453405,284
37	УФО	107	6959592,828	7263043,391	7419403,731	7526497,473
38	УФО	108	6650845,066	6887533,997	6910781,351	7199404,776
						
						
7	СФО	109	8534829,485	8174328,192	8967524,715	8565307,942
8	СФО	110	8635249,67	7803835,586	9120231,89	8203886,386
9	СФО	111	7997333,567	7706336,432	8318802,96	7899482,652
10	СФО	112	9068439,598	7661754,051	9386733,985	8139592,507
11	СФО	113	9420071,552	7671276,352	9628966,715	8072123,622
12	СФО	114	7825354,057	7312106,477	8222229,85	7604471,645
13	СФО	115	8112427,548	7047522,615	8547668,001	7473502,633
14	СФО	116	8481522,036	7326658,589	8956450,069	7481440,149
15	СФО	117	8485490,794	7035616,341	8748751,737	7313429,396
16	СФО	118	8649532,788	6876866,023	9004075,164	7158647,837
17	СФО	119	8760658,011	6699594,835	8895595,781	6927136,957
18	СФО	120	8849293,605	6546136,195	9156210,885	6748542,85
19	СФО	121	8873106,152	7308137,719	9371846,733	7466888,037
20	СФО	122	8953804,23	6919199,441	9185315,11	7175845,788
21	СФО	123	9008043,922	6706209,432	9189283,868	6891418,136
22	СФО	124	9211773,496	7452830,33	9557110,421	7703690,594
23	СФО	125	9340096,67	7313429,396	9676118,175	7506575,616
24	СФО	126	9226325,609	7081918,517	9432983,79	7380563,326
25	СФО	127	9135044,176	6857022,234	9432701,021	7157324,917
26	СФО	128	9402273,877	7081918,517	9775337,123	7343856,541
27	СФО	129	9346711,266	6733990,737	9609972,209	7117637,338
28	СФО	130	9406242,635	6577880,588	9563781,909	6763094,962
29	СФО	131	9476357,359	6520911,289	9695938,922	6609636,322
30	СФО	132	9673472,336	6420458,86	9879847,749	6554073,711
31	СФО	133	9688024,449	6272291,897	9910274,893	6445594,327
32	СФО	134	9508137,637	7487729,534	9737183,014	7626299,814
33	СФО	135	9715419,462	7540006,669	9901157,333	7638961,034
34	СФО	136	9886869,805	7532069,153	10094832,72	7672298,6
35	СФО	137	10066714,51	7528403,785	10213558,56	7833998,146
36	СФО	138	10173870,98	7814154,356	10333944,21	8035081,881
37	СФО	139	10165633,9	7452214,367	10433392,77	7678698,154
38	СФО	140	10394782,63	7408243,905	10745620,83	7601919,293
39	СФО	141	10681591,53	7581612,481	11025021,39	8669052,156
40	СФО	142	10690058,22	7433643,956	11025021,39	7630494,35
41	СФО	143	10949327,7	8110006,608	11501801,51	8526176,87
42	СФО	144	10866271,07	7268043,652	11085321,27	7481269,051
43	СФО	145	11008352.603	7191091,362	11291620,9	7375898,528
44	СФО	146	11243355,99	7121778,958	11508601,31	7249625,88
45	СФО	147	11385834,4	6941386,623	11546325,95	7147311,3
46	СФО	148	11518126,33	6834970,051	11714519,83	6989292,839
47	СФО	149	11670575,3	6954657,344	11882458,31	7192224,411
48	СФО	150	11455949,12	7147311,3	11926908,4	7436699,9
49	СФО	151	11716299,64	7399658,159	12003108,55	7645191,983
50	СФО	152	11740376,78	7600084,616	11964961,43	7925121,71
51	СФО	153	11916106,11	7872328,993	12226152,75	8100606,957
52	СФО	154	12174558,89	8056950,62	12361884,27	8272057,3
												
8	ДФО	155	12266898,66	8209549,362	12589690,97	8556154,222
9	ДФО	156	12373955,91	9592562,284	12614462,64	10019600,64
10	ДФО	157	12403564,58	9094141,358	12589037,87	9640946,796
11	ДФО	158	12485850,16	8764254,413	12763663,22	9147131,218
12	ДФО	159	12470338,93	8414864,373	12858351,17	8652581,698
13	ДФО	160	12793104,79	8404643,109	13155584,68	8673631,429
14	ДФО	161	13095682,89	8367158,844	13483827,42	8692331,345
15	ДФО	162	13450489,85	8023693,398	13999189,8	8562744,977
16	ДФО	163	13683605,87	7426384,883	14118581,74	8092879,98
17	ДФО	164	13707762,92	6865814,497	14555607,74	7503093,689
18	ДФО	165	14108258,33	6077324,922	14942477,02	7007802,382
19	ДФО	166	14831351,8	5936237,739	15775916,18	7110990,089
20	ДФО	167	14426028,19	5020435,404	15495297,96	6055712,789
21	ДФО	168	15673755,95	5697618,373	16236790,4	7221621,421
22	ДФО	169	13106828,49	9143951,857	13906930,09	9530216,745
23	ДФО	170	13840254,95	9112202,191	14246653,74	9441205,766
24	ДФО	171	14057742,89	8657462,108	14495893,76	9274302,519
25	ДФО	172	14436626,98	8577695,924	14911555,01	9038765,789
26	ДФО	173	16715086,5	8250677,84	17047139,25	8623038,436
27	ДФО	174	17260482,04	6873855,625	17790708,1	7376688,626
28	ДФО	175	19630337,64	9294445,28	19895633,1	9589604,426
